
Static FFT Slab Distribution:

  FFT slabs assigned to   28 tasks
  Maximum of    4 xy slabs per task
  Maximum of    4 zx slabs per task
  Count of FFT xy slabs assigned to each task:
       3   3   3   3   3   3   3   3   3   3   3   3   3   3   3   3
       3   3   3   3   3   3   4   4   4   4   4   4
  Count of FFT xz slabs assigned to each task:
       4   4   4   4   4   4   3   3   3   3   3   3   3   3   3   3
       3   3   3   3   3   3   3   3   3   3   3   3

Image Distribution at run step       0:

  Count of images assigned to each task:
         1377     1377     1377     1377     1377     1377     1377     1377
         1377     1377     1377     1377     1377     1378     1377     1377
         1377     1377     1377     1377     1377     1377     1377     1377
         1377     1377     1377     1378

Atom Distribution No.     1 at run step       0:

  Count of atoms assigned to each task:
         1380     1379     1383     1387     1350     1345     1366     1435
         1366     1376     1357     1396     1386     1386     1367     1377
         1368     1399     1371     1367     1361     1371     1351     1419
         1418     1331     1378     1388

Major Routine Parallel Profiling - NonSetup CPU Seconds:

           D                                                              
           a                                                              
           t                                                              
           a                              D                               
           D         N                    i                               
           i         o                    h                               
           s         n             A      e      S      R      O         T
   T       t         B      B      n      d      h      u      t         o
   a       r         o      o      g      r      a      n      h         t
   s       i         n      n      l      a      k      M      e         a
   k       b         d      d      e      l      e      D      r         l
------------------------------------------------------------------------------
   0    24.6     115.1    0.3    0.0    0.0    0.0    0.0    5.6     145.7
   1    29.1     116.3    0.3    0.0    0.0    0.0    0.0    0.1     145.8
   2    29.2     116.3    0.3    0.0    0.0    0.0    0.0    0.0     145.8
   3    29.3     116.3    0.3    0.0    0.0    0.0    0.0    0.0     145.9
   4    28.3     115.3    0.4    0.2    1.4    0.0    0.0    0.3     145.9
   5    28.9     114.5    0.4    0.3    1.6    0.0    0.0    0.2     145.9
   6    28.4     116.5    0.3    0.0    0.5    0.0    0.0    0.1     145.9
   7    28.6     112.9    0.4    0.5    3.3    0.0    0.0    0.1     145.9
   8    28.4     116.9    0.3    0.0    0.0    0.0    0.0    0.2     145.9
   9    28.3     114.2    0.3    0.4    2.5    0.0    0.0    0.1     145.9
  10    28.8     115.2    0.3    0.1    1.2    0.0    0.0    0.1     145.7
  11    28.3     117.1    0.4    0.0    0.0    0.0    0.0    0.1     145.9
  12    28.4     113.4    0.4    0.5    3.0    0.0    0.0    0.0     145.7
  13    28.8     115.4    0.4    0.1    1.1    0.0    0.0    0.1     145.9
  14    28.3     117.0    0.4    0.0    0.0    0.0    0.0    0.1     145.8
  15    28.7     112.8    0.4    0.5    3.5    0.0    0.0    0.0     145.9
  16    28.0     117.0    0.4    0.0    0.3    0.0    0.0    0.1     145.8
  17    28.3     116.6    0.4    0.0    0.4    0.0    0.0    0.1     145.9
  18    27.7     113.2    0.4    0.6    3.9    0.0    0.0    0.1     145.9
  19    28.1     117.2    0.4    0.0    0.0    0.0    0.0    0.1     145.9
  20    28.1     114.3    0.4    0.4    2.7    0.0    0.0    0.1     145.9
  21    28.1     115.7    0.4    0.2    1.5    0.0    0.0    0.0     145.9
  22    28.5     115.5    0.4    0.1    1.3    0.0    0.0    0.1     145.9
  23    28.5     114.6    0.4    0.3    2.0    0.0    0.0    0.1     145.9
  24    28.2     117.3    0.3    0.0    0.0    0.0    0.0    0.1     145.9
  25    28.5     116.4    0.4    0.0    0.3    0.0    0.0    0.1     145.8
  26    28.7     116.7    0.3    0.0    0.0    0.0    0.0    0.1     145.9
  27    28.8     116.6    0.4    0.0    0.0    0.0    0.0    0.1     145.9
------------------------------------------------------------------------------
 avg    28.3     115.6    0.4    0.2    1.1    0.0    0.0    0.3     145.8
 min    24.6     112.8    0.3    0.0    0.0    0.0    0.0    0.0     145.7
 max    29.3     117.3    0.4    0.6    3.9    0.0    0.0    5.6     145.9
 std     0.8       1.4    0.0    0.2    1.2    0.0    0.0    1.0       0.1
------------------------------------------------------------------------------

PME NonBond Parallel Profiling - NonSetup CPU Seconds:

                     D                           
           P         i         R                 
           a         r         e      L          
           i         e         c      o          
           r         c         i      a         T
   T       l         t         p      d         o
   a       i         F         F      B         t
   s       s         r         r      a         a
   k       t         c         c      l         l
-------------------------------------------------
   0     2.5      72.9      38.3    0.0     113.8
   1     2.7      81.5      29.9    0.0     114.2
   2     2.7      83.9      27.7    0.0     114.3
   3     2.7      84.4      26.8    0.0     114.0
   4     2.8      83.7      26.2    0.0     112.7
   5     2.8      82.8      26.4    0.0     111.9
   6     2.9      85.9      25.0    0.0     113.8
   7     2.7      81.9      25.7    0.0     110.3
   8     2.9      86.2      25.0    0.0     114.2
   9     2.8      83.3      25.4    0.0     111.4
  10     2.8      84.1      25.5    0.0     112.4
  11     3.0      86.2      25.2    0.0     114.3
  12     2.7      82.3      25.7    0.0     110.6
  13     2.9      84.6      25.2    0.0     112.6
  14     3.0      86.0      25.2    0.0     114.1
  15     2.7      81.8      25.5    0.0     110.0
  16     3.0      86.3      24.8    0.0     114.2
  17     3.0      86.0      24.9    0.0     113.9
  18     2.8      82.8      24.8    0.0     110.4
  19     3.1      87.0      24.5    0.0     114.5
  20     2.9      83.9      24.7    0.0     111.6
  21     2.9      85.5      24.6    0.0     113.0
  22     2.9      83.9      26.0    0.0     112.8
  23     2.8      83.2      25.9    0.0     111.9
  24     3.0      85.3      26.3    0.0     114.6
  25     2.9      84.8      26.1    0.0     113.9
  26     2.8      85.4      26.0    0.0     114.2
  27     3.0      85.4      25.7    0.0     114.1
-------------------------------------------------
 avg     2.8      84.0      26.2    0.0     113.0
-------------------------------------------------
