
Static FFT Slab Distribution:

  FFT slabs assigned to   28 tasks
  Maximum of    4 xy slabs per task
  Maximum of    4 zx slabs per task
  Count of FFT xy slabs assigned to each task:
       3   3   3   3   3   3   3   3   3   3   3   3   3   3   3   3
       3   3   3   3   3   3   4   4   4   4   4   4
  Count of FFT xz slabs assigned to each task:
       4   4   4   4   4   4   3   3   3   3   3   3   3   3   3   3
       3   3   3   3   3   3   3   3   3   3   3   3

Image Distribution at run step       0:

  Count of images assigned to each task:
         1557     1558     1558     1557     1558     1558     1557     1558
         1558     1557     1558     1558     1557     1558     1558     1557
         1558     1558     1557     1558     1558     1557     1558     1558
         1557     1558     1558     1558

Atom Distribution No.     1 at run step       0:

  Count of atoms assigned to each task:
         1577     1567     1569     1537     1540     1560     1569     1556
         1563     1565     1526     1575     1568     1552     1555     1591
         1541     1537     1556     1545     1565     1576     1575     1543
         1534     1537     1576     1560

Major Routine Parallel Profiling - NonSetup CPU Seconds:

           D                                                              
           a                                                              
           t                                                              
           a                              D                               
           D         N                    i                               
           i         o                    h                               
           s         n             A      e      S      R      O         T
   T       t         B      B      n      d      h      u      t         o
   a       r         o      o      g      r      a      n      h         t
   s       i         n      n      l      a      k      M      e         a
   k       b         d      d      e      l      e      D      r         l
------------------------------------------------------------------------------
   0    10.2      43.2    0.1    0.3    2.0    0.0    0.0    2.4      58.3
   1    12.1      44.8    0.1    0.2    1.1    0.0    0.0    0.0      58.3
   2    12.0      45.3    0.1    0.1    0.7    0.0    0.0    0.0      58.3
   3    12.0      43.6    0.1    0.3    2.1    0.0    0.0    0.1      58.3
   4    11.6      46.2    0.1    0.0    0.2    0.0    0.0    0.0      58.3
   5    11.9      44.6    0.1    0.2    1.4    0.0    0.0    0.0      58.3
   6    11.8      44.5    0.1    0.2    1.5    0.0    0.0    0.1      58.2
   7    11.5      46.4    0.2    0.0    0.2    0.0    0.0    0.0      58.3
   8    12.1      45.1    0.1    0.1    0.8    0.0    0.0    0.0      58.3
   9    11.5      46.6    0.1    0.0    0.0    0.0    0.0    0.0      58.3
  10    11.7      46.3    0.2    0.0    0.1    0.0    0.0    0.0      58.3
  11    11.6      46.5    0.2    0.0    0.0    0.0    0.0    0.0      58.3
  12    11.4      46.7    0.2    0.0    0.0    0.0    0.0    0.0      58.3
  13    12.1      46.1    0.1    0.0    0.0    0.0    0.0    0.0      58.3
  14    11.5      46.6    0.2    0.0    0.0    0.0    0.0    0.0      58.2
  15    11.7      46.4    0.1    0.0    0.0    0.0    0.0    0.0      58.3
  16    11.7      46.4    0.1    0.0    0.0    0.0    0.0    0.0      58.3
  17    11.9      46.3    0.1    0.0    0.0    0.0    0.0    0.0      58.3
  18    11.8      46.3    0.2    0.0    0.0    0.0    0.0    0.0      58.3
  19    11.8      46.4    0.1    0.0    0.0    0.0    0.0    0.0      58.3
  20    12.0      46.1    0.1    0.0    0.0    0.0    0.0    0.0      58.3
  21    11.6      46.5    0.2    0.0    0.0    0.0    0.0    0.0      58.3
  22    11.9      46.2    0.2    0.0    0.0    0.0    0.0    0.0      58.3
  23    11.7      46.2    0.2    0.0    0.2    0.0    0.0    0.1      58.3
  24    11.9      46.2    0.2    0.0    0.0    0.0    0.0    0.0      58.3
  25    11.8      45.8    0.2    0.1    0.5    0.0    0.0    0.0      58.3
  26    11.6      45.3    0.2    0.1    1.0    0.0    0.0    0.0      58.3
  27    11.8      46.3    0.2    0.0    0.0    0.0    0.0    0.0      58.3
------------------------------------------------------------------------------
 avg    11.7      45.8    0.2    0.1    0.4    0.0    0.0    0.1      58.3
 min    10.2      43.2    0.1    0.0    0.0    0.0    0.0    0.0      58.2
 max    12.1      46.7    0.2    0.3    2.1    0.0    0.0    2.4      58.3
 std     0.3       0.9    0.0    0.1    0.6    0.0    0.0    0.4       0.0
------------------------------------------------------------------------------

PME NonBond Parallel Profiling - NonSetup CPU Seconds:

                     D                           
           P         i         R                 
           a         r         e      L          
           i         e         c      o          
           r         c         i      a         T
   T       l         t         p      d         o
   a       i         F         F      B         t
   s       s         r         r      a         a
   k       t         c         c      l         l
-------------------------------------------------
   0     1.0      25.8      15.7    0.0      42.5
   1     1.1      30.8      11.9    0.0      43.9
   2     1.2      32.2      11.0    0.0      44.4
   3     1.2      30.8      10.6    0.0      42.5
   4     1.2      33.3      10.6    0.0      45.1
   5     1.2      31.8      10.4    0.0      43.4
   6     1.2      32.2       9.9    0.0      43.3
   7     1.3      34.0       9.9    0.0      45.2
   8     1.3      32.8       9.7    0.0      43.9
   9     1.3      34.2       9.8    0.0      45.3
  10     1.3      33.9       9.7    0.0      45.0
  11     1.3      34.2       9.7    0.0      45.2
  12     1.3      34.2       9.8    0.0      45.4
  13     1.3      33.8       9.7    0.0      44.8
  14     1.3      34.2       9.9    0.0      45.3
  15     1.3      34.0       9.8    0.0      45.1
  16     1.3      33.9       9.9    0.0      45.2
  17     1.3      33.7      10.0    0.0      45.0
  18     1.3      33.8       9.9    0.0      45.0
  19     1.3      33.8      10.0    0.0      45.1
  20     1.3      33.5      10.0    0.0      44.9
  21     1.3      34.2       9.7    0.0      45.3
  22     1.3      33.2      10.5    0.0      45.0
  23     1.3      33.3      10.3    0.0      44.9
  24     1.3      33.1      10.6    0.0      45.0
  25     1.3      33.0      10.3    0.0      44.6
  26     1.2      32.4      10.5    0.0      44.2
  27     1.3      33.3      10.5    0.0      45.1
-------------------------------------------------
 avg     1.3      33.0      10.4    0.0      44.6
-------------------------------------------------
