
Static FFT Slab Distribution:

  FFT slabs assigned to   28 tasks
  Maximum of    4 xy slabs per task
  Maximum of    4 zx slabs per task
  Count of FFT xy slabs assigned to each task:
       3   3   3   3   3   3   3   3   3   3   3   3   3   3   3   3
       3   3   3   3   3   3   4   4   4   4   4   4
  Count of FFT xz slabs assigned to each task:
       4   4   4   4   4   4   3   3   3   3   3   3   3   3   3   3
       3   3   3   3   3   3   3   3   3   3   3   3

Image Distribution at run step       0:

  Count of images assigned to each task:
         1557     1558     1558     1557     1558     1558     1557     1558
         1558     1557     1558     1558     1557     1558     1558     1557
         1558     1558     1557     1558     1558     1557     1558     1558
         1557     1558     1558     1558

Atom Distribution No.     1 at run step       0:

  Count of atoms assigned to each task:
         1562     1556     1549     1549     1565     1562     1557     1554
         1556     1592     1545     1551     1547     1579     1566     1576
         1548     1550     1519     1549     1577     1581     1560     1540
         1552     1552     1573     1548

Major Routine Parallel Profiling - NonSetup CPU Seconds:

           D                                                              
           a                                                              
           t                                                              
           a                              D                               
           D         N                    i                               
           i         o                    h                               
           s         n             A      e      S      R      O         T
   T       t         B      B      n      d      h      u      t         o
   a       r         o      o      g      r      a      n      h         t
   s       i         n      n      l      a      k      M      e         a
   k       b         d      d      e      l      e      D      r         l
------------------------------------------------------------------------------
   0    17.9      75.7    0.3    0.5    3.5    0.0    0.0    4.2     102.1
   1    20.9      78.7    0.2    0.3    2.1    0.0    0.0    0.0     102.2
   2    21.0      79.8    0.3    0.1    0.9    0.0    0.0    0.0     102.2
   3    21.2      75.5    0.3    0.6    4.3    0.0    0.0    0.2     102.1
   4    20.7      80.5    0.3    0.0    0.5    0.0    0.0    0.3     102.2
   5    20.5      78.4    0.3    0.3    2.5    0.0    0.0    0.2     102.2
   6    20.5      78.5    0.3    0.4    2.5    0.0    0.0    0.0     102.2
   7    20.1      81.8    0.3    0.0    0.0    0.0    0.0    0.0     102.2
   8    21.0      79.2    0.2    0.2    1.5    0.0    0.0    0.0     102.2
   9    20.5      81.4    0.3    0.0    0.0    0.0    0.0    0.0     102.2
  10    20.4      81.1    0.3    0.0    0.2    0.0    0.0    0.1     102.2
  11    20.4      81.5    0.3    0.0    0.0    0.0    0.0    0.0     102.2
  12    20.3      81.6    0.3    0.0    0.0    0.0    0.0    0.0     102.2
  13    20.7      81.2    0.3    0.0    0.0    0.0    0.0    0.0     102.2
  14    20.0      81.9    0.3    0.0    0.0    0.0    0.0    0.0     102.1
  15    20.5      81.4    0.2    0.0    0.0    0.0    0.0    0.0     102.2
  16    20.2      81.7    0.2    0.0    0.0    0.0    0.0    0.0     102.2
  17    20.4      81.5    0.3    0.0    0.0    0.0    0.0    0.0     102.2
  18    20.4      81.5    0.3    0.0    0.0    0.0    0.0    0.0     102.2
  19    20.5      81.4    0.3    0.0    0.0    0.0    0.0    0.0     102.2
  20    21.1      80.8    0.2    0.0    0.0    0.0    0.0    0.0     102.2
  21    20.3      81.5    0.3    0.0    0.0    0.0    0.0    0.0     102.2
  22    20.7      81.1    0.3    0.0    0.0    0.0    0.0    0.1     102.2
  23    20.2      81.2    0.4    0.0    0.3    0.0    0.0    0.1     102.2
  24    20.6      81.2    0.3    0.0    0.0    0.0    0.0    0.0     102.2
  25    20.7      80.2    0.3    0.1    0.8    0.0    0.0    0.1     102.2
  26    20.3      79.6    0.3    0.2    1.8    0.0    0.0    0.0     102.1
  27    20.6      81.2    0.3    0.0    0.1    0.0    0.0    0.0     102.2
------------------------------------------------------------------------------
 avg    20.4      80.4    0.3    0.1    0.8    0.0    0.0    0.2     102.2
 min    17.9      75.5    0.2    0.0    0.0    0.0    0.0    0.0     102.1
 max    21.2      81.9    0.4    0.6    4.3    0.0    0.0    4.2     102.2
 std     0.6       1.7    0.0    0.2    1.2    0.0    0.0    0.8       0.0
------------------------------------------------------------------------------

PME NonBond Parallel Profiling - NonSetup CPU Seconds:

                     D                           
           P         i         R                 
           a         r         e      L          
           i         e         c      o          
           r         c         i      a         T
   T       l         t         p      d         o
   a       i         F         F      B         t
   s       s         r         r      a         a
   k       t         c         c      l         l
-------------------------------------------------
   0     1.8      45.5      27.3    0.0      74.6
   1     2.0      53.9      21.2    0.0      77.0
   2     2.1      57.1      19.2    0.0      78.4
   3     2.0      53.2      18.5    0.0      73.7
   4     2.1      58.0      18.4    0.0      78.5
   5     2.2      56.1      18.0    0.0      76.2
   6     2.1      56.8      17.4    0.0      76.3
   7     2.2      60.1      17.2    0.0      79.5
   8     2.2      57.8      17.0    0.0      77.0
   9     2.2      59.8      17.2    0.0      79.2
  10     2.3      59.7      16.9    0.0      78.8
  11     2.3      59.9      17.0    0.0      79.2
  12     2.3      59.9      17.1    0.0      79.3
  13     2.3      59.7      16.9    0.0      78.9
  14     2.2      60.1      17.2    0.0      79.5
  15     2.3      59.6      17.2    0.0      79.1
  16     2.3      59.9      17.2    0.0      79.5
  17     2.3      59.5      17.4    0.0      79.2
  18     2.2      59.7      17.2    0.0      79.2
  19     2.2      59.5      17.5    0.0      79.2
  20     2.2      58.8      17.5    0.0      78.6
  21     2.3      59.9      17.1    0.0      79.3
  22     2.3      58.4      18.2    0.0      78.9
  23     2.3      58.8      17.9    0.0      79.0
  24     2.2      58.5      18.5    0.0      79.1
  25     2.2      57.6      18.2    0.0      78.1
  26     2.1      57.0      18.4    0.0      77.5
  27     2.2      58.7      18.2    0.0      79.1
-------------------------------------------------
 avg     2.2      58.0      18.1    0.0      78.3
-------------------------------------------------
