
Static FFT Slab Distribution:

  FFT slabs assigned to   28 tasks
  Maximum of    4 xy slabs per task
  Maximum of    4 zx slabs per task
  Count of FFT xy slabs assigned to each task:
       3   3   3   3   3   3   3   3   3   3   3   3   3   3   3   3
       3   3   3   3   3   3   4   4   4   4   4   4
  Count of FFT xz slabs assigned to each task:
       4   4   4   4   4   4   3   3   3   3   3   3   3   3   3   3
       3   3   3   3   3   3   3   3   3   3   3   3

Image Distribution at run step       0:

  Count of images assigned to each task:
         1377     1377     1377     1377     1377     1377     1377     1377
         1377     1377     1377     1377     1377     1378     1377     1377
         1377     1377     1377     1377     1377     1377     1377     1377
         1377     1377     1377     1378

Atom Distribution No.     1 at run step       0:

  Count of atoms assigned to each task:
         1395     1382     1371     1387     1349     1358     1361     1421
         1384     1370     1382     1375     1392     1385     1355     1380
         1350     1391     1401     1378     1361     1377     1364     1396
         1413     1344     1366     1370

Major Routine Parallel Profiling - NonSetup CPU Seconds:

           D                                                              
           a                                                              
           t                                                              
           a                              D                               
           D         N                    i                               
           i         o                    h                               
           s         n             A      e      S      R      O         T
   T       t         B      B      n      d      h      u      t         o
   a       r         o      o      g      r      a      n      h         t
   s       i         n      n      l      a      k      M      e         a
   k       b         d      d      e      l      e      D      r         l
------------------------------------------------------------------------------
   0    15.5      73.6    0.2    0.0    0.0    0.0    0.0    3.6      92.8
   1    18.7      73.9    0.2    0.0    0.0    0.0    0.0    0.1      92.9
   2    18.5      74.0    0.2    0.0    0.0    0.0    0.0    0.1      92.9
   3    18.5      74.1    0.2    0.0    0.0    0.0    0.0    0.1      92.9
   4    18.4      73.1    0.2    0.2    1.0    0.0    0.0    0.0      92.9
   5    18.5      73.0    0.2    0.2    1.0    0.0    0.0    0.0      92.9
   6    17.9      74.3    0.2    0.1    0.4    0.0    0.0    0.0      92.8
   7    18.2      72.0    0.2    0.3    2.1    0.0    0.0    0.1      92.9
   8    18.1      74.5    0.2    0.0    0.0    0.0    0.0    0.1      92.9
   9    17.7      73.1    0.2    0.2    1.5    0.0    0.0    0.1      92.9
  10    18.1      73.6    0.2    0.1    0.8    0.0    0.0    0.1      92.9
  11    18.0      74.5    0.2    0.0    0.0    0.0    0.0    0.1      92.9
  12    18.0      72.5    0.2    0.3    1.8    0.0    0.0    0.0      92.9
  13    17.9      73.9    0.2    0.1    0.7    0.0    0.0    0.1      92.9
  14    18.0      74.6    0.2    0.0    0.0    0.0    0.0    0.1      92.9
  15    18.0      72.1    0.2    0.3    2.3    0.0    0.0    0.0      92.9
  16    17.8      74.6    0.2    0.0    0.2    0.0    0.0    0.1      92.9
  17    17.9      74.4    0.2    0.0    0.3    0.0    0.0    0.1      92.9
  18    17.9      71.7    0.2    0.4    2.6    0.0    0.0    0.0      92.9
  19    18.0      74.6    0.2    0.0    0.0    0.0    0.0    0.1      92.9
  20    17.7      72.8    0.2    0.2    1.7    0.0    0.0    0.1      92.8
  21    17.8      73.7    0.2    0.1    0.9    0.0    0.0    0.1      92.9
  22    18.1      73.6    0.2    0.1    0.8    0.0    0.0    0.0      92.9
  23    18.1      73.1    0.2    0.2    1.3    0.0    0.0    0.1      92.9
  24    18.2      74.4    0.2    0.0    0.0    0.0    0.0    0.1      92.9
  25    18.0      74.3    0.3    0.0    0.2    0.0    0.0    0.1      92.9
  26    18.1      74.5    0.2    0.0    0.0    0.0    0.0    0.0      92.9
  27    18.0      74.5    0.3    0.0    0.0    0.0    0.0    0.1      92.9
------------------------------------------------------------------------------
 avg    18.0      73.7    0.2    0.1    0.7    0.0    0.0    0.2      92.9
 min    15.5      71.7    0.2    0.0    0.0    0.0    0.0    0.0      92.8
 max    18.7      74.6    0.3    0.4    2.6    0.0    0.0    3.6      92.9
 std     0.5       0.9    0.0    0.1    0.8    0.0    0.0    0.6       0.0
------------------------------------------------------------------------------

PME NonBond Parallel Profiling - NonSetup CPU Seconds:

                     D                           
           P         i         R                 
           a         r         e      L          
           i         e         c      o          
           r         c         i      a         T
   T       l         t         p      d         o
   a       i         F         F      B         t
   s       s         r         r      a         a
   k       t         c         c      l         l
-------------------------------------------------
   0     1.6      46.8      24.3    0.0      72.8
   1     1.8      51.6      19.2    0.0      72.6
   2     1.8      53.7      17.2    0.0      72.8
   3     1.8      54.0      16.7    0.0      72.6
   4     1.7      53.0      16.8    0.0      71.5
   5     1.8      52.8      16.7    0.0      71.3
   6     1.8      55.0      15.7    0.0      72.6
   7     1.7      52.5      16.1    0.0      70.3
   8     1.9      55.1      15.7    0.0      72.7
   9     1.8      53.7      15.9    0.0      71.4
  10     1.8      54.1      15.9    0.0      71.8
  11     1.9      55.0      15.9    0.0      72.8
  12     1.7      52.8      16.2    0.0      70.7
  13     1.9      54.5      15.8    0.0      72.2
  14     1.9      55.0      15.9    0.0      72.8
  15     1.8      52.5      16.0    0.0      70.3
  16     1.9      55.1      15.7    0.0      72.8
  17     2.0      55.0      15.6    0.0      72.6
  18     1.8      52.4      15.7    0.0      69.9
  19     2.0      55.4      15.4    0.0      72.8
  20     1.9      53.7      15.5    0.0      71.0
  21     1.9      54.8      15.3    0.0      72.0
  22     1.9      53.8      16.2    0.0      71.9
  23     1.8      53.0      16.5    0.0      71.4
  24     1.9      54.3      16.5    0.0      72.7
  25     1.9      54.3      16.4    0.0      72.6
  26     1.7      54.7      16.5    0.0      72.9
  27     1.9      54.8      16.2    0.0      72.9
-------------------------------------------------
 avg     1.8      53.7      16.5    0.0      72.0
-------------------------------------------------
