
Static FFT Slab Distribution:

  FFT slabs assigned to   28 tasks
  Maximum of    4 xy slabs per task
  Maximum of    4 zx slabs per task
  Count of FFT xy slabs assigned to each task:
       3   3   3   3   3   3   3   3   3   3   3   3   3   3   3   3
       3   3   3   3   3   3   4   4   4   4   4   4
  Count of FFT xz slabs assigned to each task:
       4   4   4   4   4   4   3   3   3   3   3   3   3   3   3   3
       3   3   3   3   3   3   3   3   3   3   3   3

Image Distribution at run step       0:

  Count of images assigned to each task:
         1377     1377     1377     1377     1377     1377     1377     1377
         1377     1377     1377     1377     1377     1378     1377     1377
         1377     1377     1377     1377     1377     1377     1377     1377
         1377     1377     1377     1378

Atom Distribution No.     1 at run step       0:

  Count of atoms assigned to each task:
         1395     1379     1362     1375     1357     1371     1372     1419
         1390     1381     1349     1390     1376     1382     1376     1388
         1350     1365     1382     1378     1379     1372     1371     1392
         1392     1364     1376     1375

Major Routine Parallel Profiling - NonSetup CPU Seconds:

           D                                                              
           a                                                              
           t                                                              
           a                              D                               
           D         N                    i                               
           i         o                    h                               
           s         n             A      e      S      R      O         T
   T       t         B      B      n      d      h      u      t         o
   a       r         o      o      g      r      a      n      h         t
   s       i         n      n      l      a      k      M      e         a
   k       b         d      d      e      l      e      D      r         l
------------------------------------------------------------------------------
   0     7.0      32.3    0.1    0.0    0.0    0.0    0.0    1.4      40.9
   1     8.2      32.6    0.1    0.0    0.0    0.0    0.0    0.0      40.9
   2     8.2      32.5    0.1    0.0    0.0    0.0    0.0    0.1      40.9
   3     8.3      32.5    0.1    0.0    0.0    0.0    0.0    0.0      40.9
   4     8.1      32.1    0.1    0.1    0.5    0.0    0.0    0.0      40.9
   5     8.2      32.0    0.1    0.1    0.5    0.0    0.0    0.0      40.8
   6     7.8      32.7    0.1    0.0    0.2    0.0    0.0    0.0      40.9
   7     8.2      31.6    0.1    0.1    0.8    0.0    0.0    0.0      40.9
   8     8.1      32.7    0.1    0.0    0.0    0.0    0.0    0.0      40.9
   9     7.8      32.1    0.1    0.1    0.7    0.0    0.0    0.0      40.9
  10     8.2      32.2    0.1    0.0    0.3    0.0    0.0    0.0      40.9
  11     7.8      32.9    0.1    0.0    0.0    0.0    0.0    0.0      40.8
  12     7.8      31.9    0.1    0.1    0.8    0.0    0.0    0.0      40.9
  13     8.0      32.5    0.1    0.0    0.3    0.0    0.0    0.0      40.9
  14     7.9      32.8    0.1    0.0    0.0    0.0    0.0    0.0      40.9
  15     7.9      31.6    0.1    0.1    1.0    0.0    0.0    0.0      40.7
  16     7.9      32.8    0.1    0.0    0.1    0.0    0.0    0.0      40.9
  17     8.0      32.7    0.1    0.0    0.1    0.0    0.0    0.0      40.9
  18     7.8      31.7    0.1    0.2    1.1    0.0    0.0    0.0      40.9
  19     7.9      32.8    0.1    0.0    0.0    0.0    0.0    0.0      40.8
  20     7.9      32.0    0.1    0.1    0.7    0.0    0.0    0.0      40.9
  21     7.8      32.4    0.1    0.0    0.4    0.0    0.0    0.0      40.9
  22     8.0      32.3    0.1    0.0    0.4    0.0    0.0    0.0      40.9
  23     7.9      32.1    0.1    0.1    0.5    0.0    0.0    0.0      40.8
  24     8.1      32.7    0.1    0.0    0.0    0.0    0.0    0.0      40.9
  25     8.0      32.6    0.1    0.0    0.1    0.0    0.0    0.0      40.9
  26     8.1      32.6    0.1    0.0    0.0    0.0    0.0    0.0      40.9
  27     8.1      32.7    0.1    0.0    0.0    0.0    0.0    0.0      40.9
------------------------------------------------------------------------------
 avg     8.0      32.4    0.1    0.0    0.3    0.0    0.0    0.1      40.9
 min     7.0      31.6    0.1    0.0    0.0    0.0    0.0    0.0      40.7
 max     8.3      32.9    0.1    0.2    1.1    0.0    0.0    1.4      40.9
 std     0.2       0.4    0.0    0.1    0.3    0.0    0.0    0.3       0.0
------------------------------------------------------------------------------

PME NonBond Parallel Profiling - NonSetup CPU Seconds:

                     D                           
           P         i         R                 
           a         r         e      L          
           i         e         c      o          
           r         c         i      a         T
   T       l         t         p      d         o
   a       i         F         F      B         t
   s       s         r         r      a         a
   k       t         c         c      l         l
-------------------------------------------------
   0     0.7      20.4      10.8    0.0      31.9
   1     0.8      22.7       8.4    0.0      32.0
   2     0.8      23.3       7.8    0.0      31.9
   3     0.8      23.4       7.6    0.0      31.8
   4     0.8      23.0       7.5    0.0      31.4
   5     0.8      22.9       7.6    0.0      31.3
   6     0.9      24.0       7.1    0.0      31.9
   7     0.8      22.7       7.4    0.0      30.8
   8     0.8      23.9       7.2    0.0      32.0
   9     0.8      23.3       7.3    0.0      31.4
  10     0.8      23.3       7.3    0.0      31.4
  11     0.9      24.1       7.2    0.0      32.1
  12     0.8      23.0       7.3    0.0      31.1
  13     0.8      23.7       7.2    0.0      31.7
  14     0.9      23.9       7.2    0.0      32.0
  15     0.8      22.8       7.3    0.0      30.9
  16     0.9      24.0       7.1    0.0      32.0
  17     0.8      23.9       7.2    0.0      31.9
  18     0.8      23.0       7.1    0.0      30.9
  19     0.9      24.2       7.0    0.0      32.0
  20     0.9      23.4       7.0    0.0      31.2
  21     0.9      23.9       6.9    0.0      31.7
  22     0.8      23.2       7.5    0.0      31.5
  23     0.8      23.2       7.3    0.0      31.4
  24     0.9      23.7       7.4    0.0      32.0
  25     0.9      23.8       7.3    0.0      31.9
  26     0.8      23.8       7.4    0.0      31.9
  27     0.9      23.9       7.3    0.0      32.0
-------------------------------------------------
 avg     0.8      23.4       7.4    0.0      31.6
-------------------------------------------------
