
Static FFT Slab Distribution:

  FFT slabs assigned to   28 tasks
  Maximum of    4 xy slabs per task
  Maximum of    4 zx slabs per task
  Count of FFT xy slabs assigned to each task:
       3   3   3   3   3   3   3   3   3   3   3   3   3   3   3   3
       3   3   3   3   3   3   4   4   4   4   4   4
  Count of FFT xz slabs assigned to each task:
       4   4   4   4   4   4   3   3   3   3   3   3   3   3   3   3
       3   3   3   3   3   3   3   3   3   3   3   3

Image Distribution at run step       0:

  Count of images assigned to each task:
         1557     1558     1558     1557     1558     1558     1557     1558
         1558     1557     1558     1558     1557     1558     1558     1557
         1558     1558     1557     1558     1558     1557     1558     1558
         1557     1558     1558     1558

Atom Distribution No.     1 at run step       0:

  Count of atoms assigned to each task:
         1560     1553     1569     1552     1551     1563     1570     1542
         1571     1556     1533     1566     1574     1555     1546     1588
         1548     1540     1558     1545     1556     1564     1587     1547
         1537     1564     1575     1545

Major Routine Parallel Profiling - NonSetup CPU Seconds:

           D                                                              
           a                                                              
           t                                                              
           a                              D                               
           D         N                    i                               
           i         o                    h                               
           s         n             A      e      S      R      O         T
   T       t         B      B      n      d      h      u      t         o
   a       r         o      o      g      r      a      n      h         t
   s       i         n      n      l      a      k      M      e         a
   k       b         d      d      e      l      e      D      r         l
------------------------------------------------------------------------------
   0    13.8      56.8    0.2    0.4    2.6    0.0    0.0    3.3      77.1
   1    16.2      58.9    0.2    0.2    1.6    0.0    0.0    0.0      77.2
   2    16.6      59.5    0.2    0.1    0.8    0.0    0.0    0.0      77.2
   3    16.5      57.0    0.2    0.4    2.9    0.0    0.0    0.2      77.2
   4    15.9      60.5    0.2    0.0    0.4    0.0    0.0    0.1      77.0
   5    16.1      58.7    0.2    0.3    1.9    0.0    0.0    0.0      77.2
   6    16.0      58.8    0.2    0.3    1.9    0.0    0.0    0.0      77.1
   7    15.6      61.2    0.2    0.0    0.0    0.0    0.0    0.1      77.1
   8    16.2      59.4    0.2    0.2    1.1    0.0    0.0    0.0      77.1
   9    15.9      61.0    0.2    0.0    0.0    0.0    0.0    0.0      77.2
  10    16.0      60.8    0.2    0.0    0.2    0.0    0.0    0.0      77.2
  11    15.7      61.2    0.2    0.0    0.0    0.0    0.0    0.0      77.2
  12    15.9      61.1    0.2    0.0    0.0    0.0    0.0    0.0      77.2
  13    16.1      60.8    0.2    0.0    0.0    0.0    0.0    0.0      77.1
  14    15.6      61.4    0.2    0.0    0.0    0.0    0.0    0.0      77.2
  15    16.0      61.0    0.2    0.0    0.0    0.0    0.0    0.0      77.2
  16    15.8      61.1    0.2    0.0    0.0    0.0    0.0    0.0      77.2
  17    15.9      61.1    0.2    0.0    0.0    0.0    0.0    0.0      77.2
  18    16.0      60.9    0.2    0.0    0.0    0.0    0.0    0.0      77.2
  19    16.0      60.9    0.2    0.0    0.0    0.0    0.0    0.0      77.2
  20    16.3      60.7    0.2    0.0    0.0    0.0    0.0    0.0      77.2
  21    15.6      61.3    0.3    0.0    0.0    0.0    0.0    0.0      77.2
  22    16.2      60.8    0.2    0.0    0.0    0.0    0.0    0.0      77.2
  23    15.9      60.5    0.2    0.0    0.2    0.0    0.0    0.0      76.9
  24    16.1      60.8    0.2    0.0    0.0    0.0    0.0    0.0      77.2
  25    16.2      60.0    0.2    0.1    0.6    0.0    0.0    0.0      77.2
  26    15.8      59.7    0.2    0.2    1.3    0.0    0.0    0.0      77.2
  27    15.7      61.0    0.2    0.0    0.0    0.0    0.0    0.0      77.0
------------------------------------------------------------------------------
 avg    15.9      60.2    0.2    0.1    0.6    0.0    0.0    0.1      77.1
 min    13.8      56.8    0.2    0.0    0.0    0.0    0.0    0.0      76.9
 max    16.6      61.4    0.3    0.4    2.9    0.0    0.0    3.3      77.2
 std     0.5       1.2    0.0    0.1    0.9    0.0    0.0    0.6       0.1
------------------------------------------------------------------------------

PME NonBond Parallel Profiling - NonSetup CPU Seconds:

                     D                           
           P         i         R                 
           a         r         e      L          
           i         e         c      o          
           r         c         i      a         T
   T       l         t         p      d         o
   a       i         F         F      B         t
   s       s         r         r      a         a
   k       t         c         c      l         l
-------------------------------------------------
   0     1.3      34.0      20.6    0.0      56.0
   1     1.5      40.3      15.9    0.0      57.7
   2     1.6      42.2      14.5    0.0      58.3
   3     1.5      40.1      14.1    0.0      55.6
   4     1.6      43.5      13.9    0.0      59.0
   5     1.6      41.8      13.7    0.0      57.1
   6     1.6      42.4      13.2    0.0      57.1
   7     1.7      44.9      13.0    0.0      59.6
   8     1.6      43.3      12.8    0.0      57.7
   9     1.7      44.7      13.0    0.0      59.4
  10     1.7      44.6      12.8    0.0      59.1
  11     1.7      45.0      12.9    0.0      59.6
  12     1.7      44.7      13.0    0.0      59.4
  13     1.8      44.7      12.7    0.0      59.2
  14     1.7      45.0      13.0    0.0      59.7
  15     1.8      44.6      13.0    0.0      59.3
  16     1.8      44.7      13.0    0.0      59.5
  17     1.7      44.5      13.1    0.0      59.4
  18     1.7      44.5      13.1    0.0      59.3
  19     1.6      44.4      13.3    0.0      59.3
  20     1.7      44.1      13.3    0.0      59.0
  21     1.7      45.0      12.9    0.0      59.7
  22     1.7      43.5      13.9    0.0      59.1
  23     1.7      43.8      13.5    0.0      58.9
  24     1.6      43.7      13.9    0.0      59.2
  25     1.7      43.1      13.7    0.0      58.5
  26     1.6      42.7      13.8    0.0      58.1
  27     1.7      44.0      13.7    0.0      59.4
-------------------------------------------------
 avg     1.7      43.3      13.7    0.0      58.7
-------------------------------------------------
