
Static FFT Slab Distribution:

  FFT slabs assigned to   28 tasks
  Maximum of    4 xy slabs per task
  Maximum of    4 zx slabs per task
  Count of FFT xy slabs assigned to each task:
       3   3   3   3   3   3   3   3   3   3   3   3   3   3   3   3
       3   3   3   3   3   3   4   4   4   4   4   4
  Count of FFT xz slabs assigned to each task:
       4   4   4   4   4   4   3   3   3   3   3   3   3   3   3   3
       3   3   3   3   3   3   3   3   3   3   3   3

Image Distribution at run step       0:

  Count of images assigned to each task:
         1557     1558     1558     1557     1558     1558     1557     1558
         1558     1557     1558     1558     1557     1558     1558     1557
         1558     1558     1557     1558     1558     1557     1558     1558
         1557     1558     1558     1558

Atom Distribution No.     1 at run step       0:

  Count of atoms assigned to each task:
         1572     1553     1547     1544     1546     1582     1567     1555
         1563     1562     1551     1542     1556     1549     1585     1609
         1542     1546     1543     1545     1562     1588     1560     1538
         1525     1561     1559     1563

Major Routine Parallel Profiling - NonSetup CPU Seconds:

           D                                                              
           a                                                              
           t                                                              
           a                              D                               
           D         N                    i                               
           i         o                    h                               
           s         n             A      e      S      R      O         T
   T       t         B      B      n      d      h      u      t         o
   a       r         o      o      g      r      a      n      h         t
   s       i         n      n      l      a      k      M      e         a
   k       b         d      d      e      l      e      D      r         l
------------------------------------------------------------------------------
   0    11.3      48.1    0.2    0.3    2.3    0.0    0.0    2.8      65.0
   1    13.3      50.0    0.2    0.2    1.4    0.0    0.0    0.0      65.0
   2    13.6      50.5    0.2    0.1    0.6    0.0    0.0    0.0      65.0
   3    13.5      48.4    0.2    0.4    2.6    0.0    0.0    0.0      65.0
   4    13.2      51.3    0.2    0.0    0.3    0.0    0.0    0.0      65.0
   5    13.2      49.7    0.2    0.2    1.7    0.0    0.0    0.0      65.0
   6    13.2      49.7    0.2    0.2    1.6    0.0    0.0    0.0      65.0
   7    12.8      51.8    0.2    0.0    0.1    0.0    0.0    0.0      65.0
   8    13.5      50.2    0.2    0.1    1.0    0.0    0.0    0.0      65.0
   9    13.0      51.8    0.2    0.0    0.0    0.0    0.0    0.0      65.0
  10    13.2      51.4    0.2    0.0    0.1    0.0    0.0    0.0      65.0
  11    12.9      51.9    0.2    0.0    0.0    0.0    0.0    0.0      65.0
  12    12.9      52.0    0.2    0.0    0.0    0.0    0.0    0.0      65.0
  13    13.4      51.4    0.2    0.0    0.0    0.0    0.0    0.0      65.0
  14    12.8      51.9    0.2    0.0    0.0    0.0    0.0    0.1      65.0
  15    13.2      51.7    0.1    0.0    0.0    0.0    0.0    0.0      65.0
  16    13.1      51.6    0.1    0.0    0.0    0.0    0.0    0.1      65.0
  17    13.1      51.7    0.2    0.0    0.0    0.0    0.0    0.0      65.0
  18    13.1      51.8    0.2    0.0    0.0    0.0    0.0    0.0      65.0
  19    13.3      51.6    0.1    0.0    0.0    0.0    0.0    0.0      65.0
  20    13.4      51.4    0.1    0.0    0.0    0.0    0.0    0.0      65.0
  21    12.9      51.9    0.2    0.0    0.0    0.0    0.0    0.0      65.0
  22    13.4      51.4    0.2    0.0    0.0    0.0    0.0    0.0      65.0
  23    13.2      51.4    0.2    0.0    0.2    0.0    0.0    0.0      65.0
  24    13.2      51.6    0.2    0.0    0.0    0.0    0.0    0.0      65.0
  25    13.1      51.1    0.2    0.1    0.5    0.0    0.0    0.0      65.0
  26    13.1      50.5    0.2    0.2    1.1    0.0    0.0    0.0      65.0
  27    13.1      51.7    0.2    0.0    0.0    0.0    0.0    0.0      65.0
------------------------------------------------------------------------------
 avg    13.1      51.1    0.2    0.1    0.5    0.0    0.0    0.1      65.0
 min    11.3      48.1    0.1    0.0    0.0    0.0    0.0    0.0      65.0
 max    13.6      52.0    0.2    0.4    2.6    0.0    0.0    2.8      65.0
 std     0.4       1.0    0.0    0.1    0.7    0.0    0.0    0.5       0.0
------------------------------------------------------------------------------

PME NonBond Parallel Profiling - NonSetup CPU Seconds:

                     D                           
           P         i         R                 
           a         r         e      L          
           i         e         c      o          
           r         c         i      a         T
   T       l         t         p      d         o
   a       i         F         F      B         t
   s       s         r         r      a         a
   k       t         c         c      l         l
-------------------------------------------------
   0     1.2      29.0      17.2    0.0      47.4
   1     1.2      34.3      13.4    0.0      48.9
   2     1.4      36.2      12.0    0.0      49.6
   3     1.3      34.2      11.7    0.0      47.2
   4     1.3      37.1      11.6    0.0      50.1
   5     1.4      35.6      11.4    0.0      48.4
   6     1.3      36.0      10.9    0.0      48.3
   7     1.4      38.2      10.8    0.0      50.4
   8     1.4      36.8      10.6    0.0      48.8
   9     1.5      38.2      10.8    0.0      50.4
  10     1.5      37.9      10.6    0.0      50.0
  11     1.5      38.3      10.6    0.0      50.4
  12     1.5      38.3      10.7    0.0      50.5
  13     1.5      37.9      10.7    0.0      50.0
  14     1.5      38.3      10.7    0.0      50.5
  15     1.5      38.0      10.8    0.0      50.2
  16     1.5      37.9      10.8    0.0      50.2
  17     1.5      37.9      10.9    0.0      50.2
  18     1.4      38.1      10.8    0.0      50.3
  19     1.4      37.7      11.0    0.0      50.1
  20     1.4      37.5      11.0    0.0      50.0
  21     1.5      38.3      10.7    0.0      50.5
  22     1.4      37.0      11.6    0.0      50.0
  23     1.4      37.3      11.4    0.0      50.0
  24     1.4      37.2      11.6    0.0      50.2
  25     1.4      36.9      11.4    0.0      49.8
  26     1.3      36.2      11.6    0.0      49.2
  27     1.4      37.5      11.4    0.0      50.4
-------------------------------------------------
 avg     1.4      36.9      11.4    0.0      49.7
-------------------------------------------------
