
Static FFT Slab Distribution:

  FFT slabs assigned to   28 tasks
  Maximum of    4 xy slabs per task
  Maximum of    4 zx slabs per task
  Count of FFT xy slabs assigned to each task:
       3   3   3   3   3   3   3   3   3   3   3   3   3   3   3   3
       3   3   3   3   3   3   4   4   4   4   4   4
  Count of FFT xz slabs assigned to each task:
       4   4   4   4   4   4   3   3   3   3   3   3   3   3   3   3
       3   3   3   3   3   3   3   3   3   3   3   3

Image Distribution at run step       0:

  Count of images assigned to each task:
         1377     1377     1377     1377     1377     1377     1377     1377
         1377     1377     1377     1377     1377     1378     1377     1377
         1377     1377     1377     1377     1377     1377     1377     1377
         1377     1377     1377     1378

Atom Distribution No.     1 at run step       0:

  Count of atoms assigned to each task:
         1395     1385     1356     1369     1386     1366     1371     1397
         1384     1388     1350     1369     1388     1405     1366     1391
         1323     1392     1395     1396     1363     1348     1359     1400
         1406     1365     1360     1385

Major Routine Parallel Profiling - NonSetup CPU Seconds:

           D                                                              
           a                                                              
           t                                                              
           a                              D                               
           D         N                    i                               
           i         o                    h                               
           s         n             A      e      S      R      O         T
   T       t         B      B      n      d      h      u      t         o
   a       r         o      o      g      r      a      n      h         t
   s       i         n      n      l      a      k      M      e         a
   k       b         d      d      e      l      e      D      r         l
------------------------------------------------------------------------------
   0    10.9      51.9    0.1    0.0    0.0    0.0    0.0    2.8      65.6
   1    13.2      52.2    0.1    0.0    0.0    0.0    0.0    0.1      65.6
   2    13.3      52.1    0.1    0.0    0.0    0.0    0.0    0.1      65.6
   3    13.3      52.2    0.1    0.0    0.0    0.0    0.0    0.0      65.6
   4    12.9      51.8    0.2    0.1    0.6    0.0    0.0    0.0      65.6
   5    13.1      51.4    0.2    0.1    0.7    0.0    0.0    0.1      65.6
   6    12.9      52.3    0.2    0.0    0.2    0.0    0.0    0.1      65.6
   7    13.0      50.6    0.2    0.2    1.5    0.0    0.0    0.1      65.6
   8    12.9      52.5    0.1    0.0    0.0    0.0    0.0    0.1      65.6
   9    12.9      51.3    0.2    0.2    1.1    0.0    0.0    0.1      65.6
  10    13.1      51.7    0.2    0.0    0.5    0.0    0.0    0.1      65.6
  11    12.9      52.5    0.2    0.0    0.0    0.0    0.0    0.1      65.6
  12    12.8      51.1    0.2    0.2    1.3    0.0    0.0    0.0      65.6
  13    12.9      52.0    0.2    0.0    0.5    0.0    0.0    0.1      65.6
  14    12.9      52.5    0.2    0.0    0.0    0.0    0.0    0.1      65.6
  15    12.9      50.8    0.2    0.2    1.6    0.0    0.0    0.0      65.6
  16    12.8      52.5    0.2    0.0    0.1    0.0    0.0    0.1      65.6
  17    12.8      52.4    0.2    0.0    0.1    0.0    0.0    0.0      65.6
  18    12.9      50.4    0.2    0.3    1.8    0.0    0.0    0.0      65.6
  19    12.6      52.8    0.2    0.0    0.0    0.0    0.0    0.1      65.6
  20    12.9      51.1    0.2    0.2    1.2    0.0    0.0    0.0      65.6
  21    12.7      51.9    0.2    0.1    0.7    0.0    0.0    0.1      65.6
  22    13.1      51.8    0.2    0.0    0.5    0.0    0.0    0.0      65.6
  23    12.7      51.6    0.2    0.1    0.9    0.0    0.0    0.0      65.6
  24    13.1      52.4    0.1    0.0    0.0    0.0    0.0    0.0      65.6
  25    13.0      52.2    0.2    0.0    0.2    0.0    0.0    0.0      65.6
  26    13.1      52.4    0.2    0.0    0.0    0.0    0.0    0.0      65.6
  27    13.0      52.4    0.2    0.0    0.0    0.0    0.0    0.1      65.6
------------------------------------------------------------------------------
 avg    12.9      51.9    0.2    0.1    0.5    0.0    0.0    0.1      65.6
 min    10.9      50.4    0.1    0.0    0.0    0.0    0.0    0.0      65.6
 max    13.3      52.8    0.2    0.3    1.8    0.0    0.0    2.8      65.6
 std     0.4       0.6    0.0    0.1    0.6    0.0    0.0    0.5       0.0
------------------------------------------------------------------------------

PME NonBond Parallel Profiling - NonSetup CPU Seconds:

                     D                           
           P         i         R                 
           a         r         e      L          
           i         e         c      o          
           r         c         i      a         T
   T       l         t         p      d         o
   a       i         F         F      B         t
   s       s         r         r      a         a
   k       t         c         c      l         l
-------------------------------------------------
   0     1.1      32.9      17.2    0.0      51.3
   1     1.2      36.1      13.8    0.0      51.2
   2     1.3      37.7      12.3    0.0      51.2
   3     1.2      37.7      12.2    0.0      51.1
   4     1.2      37.4      12.0    0.0      50.6
   5     1.3      37.0      11.9    0.0      50.2
   6     1.3      38.6      11.2    0.0      51.1
   7     1.2      36.6      11.6    0.0      49.4
   8     1.3      38.7      11.2    0.0      51.3
   9     1.3      37.4      11.4    0.0      50.1
  10     1.3      37.8      11.4    0.0      50.4
  11     1.4      38.6      11.3    0.0      51.3
  12     1.3      37.1      11.5    0.0      49.9
  13     1.3      38.2      11.3    0.0      50.7
  14     1.4      38.6      11.3    0.0      51.2
  15     1.2      36.8      11.5    0.0      49.5
  16     1.4      38.6      11.2    0.0      51.2
  17     1.4      38.7      11.2    0.0      51.2
  18     1.3      36.7      11.2    0.0      49.2
  19     1.4      39.1      11.0    0.0      51.5
  20     1.3      37.5      11.1    0.0      49.9
  21     1.4      38.4      11.0    0.0      50.7
  22     1.3      37.6      11.7    0.0      50.6
  23     1.3      37.4      11.8    0.0      50.5
  24     1.3      38.0      11.8    0.0      51.2
  25     1.3      38.1      11.6    0.0      51.1
  26     1.3      38.3      11.7    0.0      51.2
  27     1.4      38.4      11.5    0.0      51.3
-------------------------------------------------
 avg     1.3      37.6      11.8    0.0      50.7
-------------------------------------------------
