
Static FFT Slab Distribution:

  FFT slabs assigned to   28 tasks
  Maximum of    4 xy slabs per task
  Maximum of    4 zx slabs per task
  Count of FFT xy slabs assigned to each task:
       3   3   3   3   3   3   3   3   3   3   3   3   3   3   3   3
       3   3   3   3   3   3   4   4   4   4   4   4
  Count of FFT xz slabs assigned to each task:
       4   4   4   4   4   4   3   3   3   3   3   3   3   3   3   3
       3   3   3   3   3   3   3   3   3   3   3   3

Image Distribution at run step       0:

  Count of images assigned to each task:
         1557     1558     1558     1557     1558     1558     1557     1558
         1558     1557     1558     1558     1557     1558     1558     1557
         1558     1558     1557     1558     1558     1557     1558     1558
         1557     1558     1558     1558

Atom Distribution No.     1 at run step       0:

  Count of atoms assigned to each task:
         1547     1549     1570     1553     1557     1543     1551     1579
         1575     1571     1544     1542     1550     1558     1582     1573
         1556     1537     1562     1551     1559     1552     1560     1563
         1540     1545     1582     1564

Major Routine Parallel Profiling - NonSetup CPU Seconds:

           D                                                              
           a                                                              
           t                                                              
           a                              D                               
           D         N                    i                               
           i         o                    h                               
           s         n             A      e      S      R      O         T
   T       t         B      B      n      d      h      u      t         o
   a       r         o      o      g      r      a      n      h         t
   s       i         n      n      l      a      k      M      e         a
   k       b         d      d      e      l      e      D      r         l
------------------------------------------------------------------------------
   0    20.5      86.3    0.3    0.6    3.9    0.0    0.0    4.9     116.5
   1    24.3      89.4    0.3    0.3    2.3    0.0    0.0    0.0     116.7
   2    24.7      90.3    0.3    0.2    1.2    0.0    0.0    0.0     116.6
   3    24.2      86.8    0.3    0.7    4.7    0.0    0.0    0.0     116.7
   4    23.9      91.9    0.3    0.1    0.5    0.0    0.0    0.0     116.6
   5    23.8      89.3    0.3    0.4    2.9    0.0    0.0    0.0     116.7
   6    23.7      89.4    0.3    0.4    2.9    0.0    0.0    0.0     116.7
   7    23.1      93.1    0.3    0.0    0.0    0.0    0.0    0.0     116.6
   8    24.1      90.2    0.3    0.3    1.7    0.0    0.0    0.0     116.6
   9    23.5      92.8    0.3    0.0    0.0    0.0    0.0    0.0     116.7
  10    23.4      92.3    0.3    0.0    0.3    0.0    0.0    0.1     116.5
  11    23.4      92.7    0.4    0.0    0.0    0.0    0.0    0.2     116.7
  12    23.4      92.9    0.3    0.0    0.0    0.0    0.0    0.0     116.6
  13    23.9      92.5    0.3    0.0    0.0    0.0    0.0    0.0     116.7
  14    23.1      93.2    0.3    0.0    0.0    0.0    0.0    0.0     116.6
  15    23.5      92.8    0.3    0.0    0.0    0.0    0.0    0.0     116.7
  16    23.7      92.7    0.3    0.0    0.0    0.0    0.0    0.0     116.6
  17    23.7      92.7    0.3    0.0    0.0    0.0    0.0    0.0     116.7
  18    23.5      92.7    0.3    0.0    0.0    0.0    0.0    0.1     116.6
  19    23.7      92.5    0.3    0.0    0.0    0.0    0.0    0.1     116.6
  20    24.0      92.3    0.3    0.0    0.0    0.0    0.0    0.1     116.6
  21    23.4      92.9    0.4    0.0    0.0    0.0    0.0    0.0     116.7
  22    24.0      92.3    0.3    0.0    0.0    0.0    0.0    0.1     116.6
  23    23.7      92.2    0.4    0.1    0.3    0.0    0.0    0.0     116.7
  24    23.7      92.3    0.3    0.0    0.0    0.0    0.0    0.1     116.4
  25    23.5      91.5    0.4    0.1    1.0    0.0    0.0    0.1     116.6
  26    23.6      90.5    0.3    0.3    2.0    0.0    0.0    0.0     116.7
  27    23.4      92.8    0.3    0.0    0.0    0.0    0.0    0.1     116.7
------------------------------------------------------------------------------
 avg    23.6      91.5    0.3    0.1    0.8    0.0    0.0    0.2     116.6
 min    20.5      86.3    0.3    0.0    0.0    0.0    0.0    0.0     116.4
 max    24.7      93.2    0.4    0.7    4.7    0.0    0.0    4.9     116.7
 std     0.7       1.8    0.0    0.2    1.3    0.0    0.0    0.9       0.1
------------------------------------------------------------------------------

PME NonBond Parallel Profiling - NonSetup CPU Seconds:

                     D                           
           P         i         R                 
           a         r         e      L          
           i         e         c      o          
           r         c         i      a         T
   T       l         t         p      d         o
   a       i         F         F      B         t
   s       s         r         r      a         a
   k       t         c         c      l         l
-------------------------------------------------
   0     2.0      51.7      31.3    0.0      85.0
   1     2.2      61.5      23.7    0.0      87.5
   2     2.4      64.3      22.0    0.0      88.6
   3     2.2      61.0      21.5    0.0      84.6
   4     2.4      66.1      21.2    0.0      89.7
   5     2.4      63.6      20.8    0.0      86.8
   6     2.4      64.6      20.0    0.0      86.9
   7     2.4      68.3      19.8    0.0      90.6
   8     2.5      65.8      19.4    0.0      87.7
   9     2.6      68.0      19.6    0.0      90.2
  10     2.6      67.9      19.3    0.0      89.8
  11     2.6      68.2      19.4    0.0      90.2
  12     2.6      68.2      19.6    0.0      90.4
  13     2.6      68.0      19.3    0.0      89.9
  14     2.6      68.5      19.6    0.0      90.7
  15     2.7      68.0      19.6    0.0      90.2
  16     2.6      67.8      19.8    0.0      90.1
  17     2.6      67.6      19.9    0.0      90.2
  18     2.5      67.9      19.7    0.0      90.1
  19     2.5      67.5      20.0    0.0      90.0
  20     2.5      67.2      20.0    0.0      89.8
  21     2.6      68.3      19.5    0.0      90.4
  22     2.6      66.3      21.0    0.0      89.8
  23     2.5      66.6      20.6    0.0      89.8
  24     2.5      66.4      20.9    0.0      89.9
  25     2.5      65.8      20.8    0.0      89.1
  26     2.4      64.8      21.0    0.0      88.2
  27     2.5      67.1      20.8    0.0      90.4
-------------------------------------------------
 avg     2.5      66.0      20.7    0.0      89.2
-------------------------------------------------
