
Static FFT Slab Distribution:

  FFT slabs assigned to   28 tasks
  Maximum of    4 xy slabs per task
  Maximum of    4 zx slabs per task
  Count of FFT xy slabs assigned to each task:
       3   3   3   3   3   3   3   3   3   3   3   3   3   3   3   3
       3   3   3   3   3   3   4   4   4   4   4   4
  Count of FFT xz slabs assigned to each task:
       4   4   4   4   4   4   3   3   3   3   3   3   3   3   3   3
       3   3   3   3   3   3   3   3   3   3   3   3

Image Distribution at run step       0:

  Count of images assigned to each task:
         1377     1377     1377     1377     1377     1377     1377     1377
         1377     1377     1377     1377     1377     1378     1377     1377
         1377     1377     1377     1377     1377     1377     1377     1377
         1377     1377     1377     1378

Atom Distribution No.     1 at run step       0:

  Count of atoms assigned to each task:
         1389     1388     1359     1366     1364     1382     1360     1394
         1399     1379     1384     1351     1391     1402     1384     1365
         1356     1386     1385     1360     1388     1379     1334     1393
         1409     1345     1387     1379

Major Routine Parallel Profiling - NonSetup CPU Seconds:

           D                                                              
           a                                                              
           t                                                              
           a                              D                               
           D         N                    i                               
           i         o                    h                               
           s         n             A      e      S      R      O         T
   T       t         B      B      n      d      h      u      t         o
   a       r         o      o      g      r      a      n      h         t
   s       i         n      n      l      a      k      M      e         a
   k       b         d      d      e      l      e      D      r         l
------------------------------------------------------------------------------
   0    11.8      54.5    0.1    0.0    0.0    0.0    0.0    2.8      69.2
   1    14.0      55.0    0.1    0.0    0.0    0.0    0.0    0.0      69.2
   2    14.1      54.9    0.2    0.0    0.0    0.0    0.0    0.1      69.2
   3    13.8      55.2    0.1    0.0    0.0    0.0    0.0    0.1      69.2
   4    13.6      54.6    0.2    0.1    0.7    0.0    0.0    0.1      69.2
   5    13.9      54.1    0.2    0.1    0.8    0.0    0.0    0.1      69.2
   6    13.4      55.3    0.2    0.1    0.4    0.0    0.0    0.0      69.2
   7    13.9      53.4    0.2    0.2    1.5    0.0    0.0    0.1      69.2
   8    13.6      55.4    0.2    0.0    0.0    0.0    0.0    0.1      69.2
   9    13.5      54.1    0.2    0.2    1.2    0.0    0.0    0.1      69.2
  10    13.9      54.4    0.2    0.1    0.6    0.0    0.0    0.1      69.2
  11    13.6      55.4    0.2    0.0    0.0    0.0    0.0    0.0      69.2
  12    13.6      53.8    0.2    0.2    1.5    0.0    0.0    0.0      69.2
  13    13.7      54.7    0.2    0.0    0.5    0.0    0.0    0.1      69.2
  14    13.6      55.4    0.2    0.0    0.0    0.0    0.0    0.0      69.2
  15    13.7      53.5    0.2    0.2    1.7    0.0    0.0    0.0      69.2
  16    13.5      55.3    0.2    0.0    0.2    0.0    0.0    0.0      69.2
  17    13.8      54.9    0.2    0.0    0.2    0.0    0.0    0.1      69.2
  18    13.4      53.5    0.2    0.3    1.8    0.0    0.0    0.1      69.2
  19    13.5      55.5    0.2    0.0    0.0    0.0    0.0    0.1      69.2
  20    13.5      54.1    0.2    0.2    1.3    0.0    0.0    0.0      69.2
  21    13.4      54.8    0.2    0.1    0.7    0.0    0.0    0.1      69.2
  22    13.8      54.5    0.2    0.1    0.6    0.0    0.0    0.1      69.2
  23    13.7      54.2    0.2    0.1    0.9    0.0    0.0    0.1      69.2
  24    13.6      55.4    0.2    0.0    0.0    0.0    0.0    0.1      69.2
  25    13.7      55.1    0.2    0.0    0.2    0.0    0.0    0.1      69.2
  26    13.8      55.1    0.2    0.0    0.0    0.0    0.0    0.1      69.2
  27    13.9      55.1    0.2    0.0    0.0    0.0    0.0    0.1      69.2
------------------------------------------------------------------------------
 avg    13.6      54.7    0.2    0.1    0.5    0.0    0.0    0.1      69.2
 min    11.8      53.4    0.1    0.0    0.0    0.0    0.0    0.0      69.2
 max    14.1      55.5    0.2    0.3    1.8    0.0    0.0    2.8      69.2
 std     0.4       0.6    0.0    0.1    0.6    0.0    0.0    0.5       0.0
------------------------------------------------------------------------------

PME NonBond Parallel Profiling - NonSetup CPU Seconds:

                     D                           
           P         i         R                 
           a         r         e      L          
           i         e         c      o          
           r         c         i      a         T
   T       l         t         p      d         o
   a       i         F         F      B         t
   s       s         r         r      a         a
   k       t         c         c      l         l
-------------------------------------------------
   0     1.2      34.2      18.4    0.0      53.8
   1     1.3      38.6      14.0    0.0      54.0
   2     1.4      39.8      12.8    0.0      53.9
   3     1.4      40.2      12.5    0.0      54.1
   4     1.4      39.7      12.4    0.0      53.4
   5     1.3      39.2      12.4    0.0      52.9
   6     1.4      40.8      11.8    0.0      54.0
   7     1.3      38.8      12.0    0.0      52.1
   8     1.5      40.9      11.7    0.0      54.1
   9     1.4      39.6      11.9    0.0      52.8
  10     1.3      39.9      11.9    0.0      53.1
  11     1.4      40.7      12.0    0.0      54.1
  12     1.3      39.0      12.1    0.0      52.4
  13     1.4      40.2      11.9    0.0      53.4
  14     1.4      40.6      12.0    0.0      54.0
  15     1.3      38.7      12.1    0.0      52.1
  16     1.4      40.7      11.8    0.0      54.0
  17     1.5      40.4      11.8    0.0      53.6
  18     1.4      39.1      11.8    0.0      52.2
  19     1.5      41.1      11.5    0.0      54.2
  20     1.4      39.6      11.8    0.0      52.8
  21     1.4      40.6      11.5    0.0      53.5
  22     1.4      39.6      12.2    0.0      53.2
  23     1.4      39.3      12.2    0.0      52.9
  24     1.4      40.3      12.4    0.0      54.1
  25     1.4      40.2      12.3    0.0      53.9
  26     1.3      40.3      12.3    0.0      53.9
  27     1.4      40.3      12.2    0.0      53.9
-------------------------------------------------
 avg     1.4      39.7      12.3    0.0      53.5
-------------------------------------------------
